max_abs=8.413148e-02
max_rel=9.976766e-02
step=100
time=16.8654808542314
numeric=0.75914256602696095
analytic=0.84327404378133664
coord=(5.0, -0.25, -0.25)
rod_axis_component=0
material_metrics_ok=1
passed=1
